0.28049707412719727
0.28710055351257324
0.2832450866699219
0.3150169849395752
0.27147746086120605
0.25988101959228516
0.27704715728759766
0.26627182960510254
0.27162861824035645
0.2852034568786621
0.27360057830810547
0.3133518695831299
0.2859005928039551
0.27016663551330566
0.275925874710083
0.2968907356262207
0.29438257217407227
0.2700777053833008
0.3104557991027832
0.38275766372680664
0.2691304683685303
0.26636266708374023
0.26760005950927734
0.2817413806915283
0.26398587226867676
0.26456189155578613
0.27112865447998047
0.2867412567138672
0.28340935707092285
0.2935771942138672
0.3064124584197998
0.292799711227417
0.2570006847381592
0.2762727737426758
0.2928342819213867
0.27240800857543945
0.27086663246154785
0.3274576663970947
0.28142881393432617
0.2622096538543701
0.269773006439209
0.27198195457458496
0.2702195644378662
0.2681610584259033
0.25941944122314453
0.2668185234069824
0.2771182060241699
0.2719147205352783
0.2805640697479248
0.2676417827606201
0.28138232231140137
0.2714083194732666
0.26871728897094727
0.3178837299346924
0.37000298500061035
0.2953624725341797
0.26838207244873047
0.278026819229126
0.2697463035583496
0.265333890914917
0.2622263431549072
0.2752547264099121
0.2605893611907959
0.2586851119995117
0.2569906711578369
0.2681691646575928
0.2689023017883301
0.2739400863647461
0.2630908489227295
0.27333664894104004
0.2695181369781494
0.2812016010284424
0.27120542526245117
0.26648449897766113
0.28126955032348633
0.2667722702026367
0.279402494430542
0.2639126777648926
0.2747056484222412
0.2694215774536133
0.27768635749816895
0.26848816871643066
0.29062485694885254
0.26094841957092285
0.2714049816131592
0.2602717876434326
0.2887263298034668
0.2704627513885498
0.2781181335449219
0.25801873207092285
0.27375197410583496
0.2646791934967041
0.26764559745788574
0.2688429355621338
0.33702921867370605
0.2780749797821045
0.2848060131072998
0.265885591506958
0.27375125885009766
0.25682568550109863
