0.00593256950378418
0.00631260871887207
0.006175518035888672
0.0058367252349853516
0.007214784622192383
0.006345272064208984
0.007075071334838867
0.005746126174926758
0.005984306335449219
0.006718873977661133
0.006312131881713867
0.006147146224975586
0.005903959274291992
0.005957603454589844
0.006049156188964844
0.006213188171386719
0.006384134292602539
0.0063288211822509766
0.006328582763671875
0.005831241607666016
0.005849361419677734
0.005821704864501953
0.005755186080932617
0.005861759185791016
0.0060198307037353516
0.0059015750885009766
0.005934238433837891
0.006070375442504883
0.0058536529541015625
0.005757331848144531
0.005796909332275391
0.005816936492919922
0.005721330642700195
0.0072438716888427734
0.005832672119140625
0.005736827850341797
0.005811929702758789
0.005891323089599609
0.005825042724609375
0.005821704864501953
0.006240129470825195
0.0062868595123291016
0.006325244903564453
0.006263256072998047
0.006604433059692383
0.007901430130004883
0.006235837936401367
0.008106231689453125
0.006874799728393555
0.005793094635009766
0.0058324337005615234
0.00702357292175293
0.005838632583618164
0.007224321365356445
0.006034374237060547
0.006829977035522461
0.007041454315185547
0.006179332733154297
0.007204771041870117
0.005831480026245117
0.005809783935546875
0.0058193206787109375
0.005875349044799805
0.005795001983642578
0.005824565887451172
0.005772113800048828
0.005833148956298828
0.00637054443359375
0.007627725601196289
0.005874156951904297
0.005807399749755859
0.005801677703857422
0.005810260772705078
0.005819082260131836
0.005845785140991211
0.0057525634765625
0.00583958625793457
0.007166147232055664
0.006556272506713867
0.0070953369140625
0.0067560672760009766
0.006780385971069336
0.0070476531982421875
0.007169485092163086
0.00654911994934082
0.00591731071472168
0.00582575798034668
0.00648808479309082
0.008761405944824219
0.005846738815307617
0.04127025604248047
0.009042024612426758
0.011600494384765625
0.006140470504760742
0.006265401840209961
0.006291866302490234
0.006288051605224609
0.006657600402832031
0.006272077560424805
0.0057446956634521484
